1/22/20;548;28;17
1/23/20;643;30;18
1/24/20;920;36;26
1/25/20;1406;39;42
1/26/20;2075;49;56
1/27/20;2877;58;82
1/28/20;5509;101;131
1/29/20;6087;120;133
1/30/20;8141;135;171
1/31/20;9802;214;213
2/1/20;11891;275;259
2/2/20;16630;463;361
2/3/20;19716;614;425
2/4/20;23707;843;491
2/5/20;27440;1115;563
2/6/20;30587;1477;633
2/7/20;34110;1999;718
2/8/20;36814;2596;805
2/9/20;39829;3219;905
2/10/20;42354;3918;1012
2/11/20;44386;4636;1112
2/12/20;44759;5082;1117
2/13/20;59895;6217;1369
2/14/20;66358;7977;1521
2/15/20;68413;9298;1663
2/16/20;70513;10755;1766
2/17/20;72434;12462;1864
2/18/20;74211;14206;2003
2/19/20;74619;15962;2116
2/20/20;75077;18014;2238
2/21/20;75550;18704;2238
2/22/20;77001;22699;2443
2/23/20;77022;23187;2445
2/24/20;77241;25015;2595
2/25/20;77754;27676;2665
2/26/20;78166;30084;2717
2/27/20;78600;32930;2746
2/28/20;78928;36329;2790
2/29/20;79356;39320;2837
3/1/20;79932;42162;2872
3/2/20;80136;44854;2914
3/3/20;80261;47450;2947
3/4/20;80386;50001;2983
3/5/20;80537;52292;3015
3/6/20;80690;53944;3044
3/7/20;80770;55539;3072
3/8/20;80823;57388;3100
3/9/20;80860;58804;3123
3/10/20;80887;60181;3139
3/11/20;80921;61644;3161
3/12/20;80932;62901;3172
3/13/20;80945;64196;3180
3/14/20;80977;65660;3193
3/15/20;81003;67017;3203
3/16/20;81033;67910;3217
3/17/20;81058;68798;3230
3/18/20;81102;69755;3241
3/19/20;81156;70535;3249
3/20/20;81250;71266;3253
3/21/20;81305;71857;3259
3/22/20;81435;72362;3274
3/23/20;81498;72814;3274
3/24/20;81591;73280;3281
3/25/20;81661;73773;3285
3/26/20;81782;74181;3291
3/27/20;81897;74720;3296
3/28/20;81999;75100;3299
3/29/20;82122;75582;3304
3/30/20;82198;75923;3308
3/31/20;82279;76206;3309
4/1/20;82361;76405;3316
4/2/20;82432;76565;3322
4/3/20;82511;76760;3326
4/4/20;82543;76946;3330
4/5/20;82602;77207;3333
4/6/20;82665;77310;3335
4/7/20;82718;77410;3335
4/8/20;82809;77567;3337
4/9/20;82883;77679;3339
4/10/20;82941;77791;3340
4/11/20;83014;77877;3343
4/12/20;83134;77956;3343
4/13/20;83213;78039;3345
4/14/20;83306;78200;3345
4/15/20;83356;78311;3346
4/16/20;83403;78401;3346
4/17/20;83760;77552;4636
4/18/20;83787;77614;4636
4/19/20;83805;77690;4636
4/20/20;83817;77745;4636
4/21/20;83853;77799;4636
4/22/20;83868;77861;4636
4/23/20;83884;77983;4636
4/24/20;83899;78109;4636
4/25/20;83909;78175;4636
4/26/20;83912;78277;4637
4/27/20;83918;78374;4637
4/28/20;83940;78422;4637
4/29/20;83944;78474;4637
4/30/20;83956;78523;4637
5/1/20;83959;78573;4637
5/2/20;83959;78586;4637
5/3/20;83964;78684;4637
5/4/20;83966;78792;4637
5/5/20;83968;78870;4637
5/6/20;83970;78929;4637
5/7/20;83975;78977;4637
5/8/20;83976;78993;4637
5/9/20;83990;79127;4637
5/10/20;84010;79167;4637
5/11/20;84011;79198;4637
5/12/20;84018;79222;4637
5/13/20;84024;79246;4637
5/14/20;84029;79261;4637
5/15/20;84038;79281;4637
5/16/20;84044;79293;4638
5/17/20;84054;79306;4638
5/18/20;84063;79310;4638
5/19/20;84063;79310;4638
5/20/20;84063;79310;4638
5/21/20;84063;79310;4638
5/22/20;84081;79332;4638
5/23/20;84084;79335;4638
5/24/20;84095;79343;4638
5/25/20;84102;79352;4638
5/26/20;84103;79358;4638
5/27/20;84106;79367;4638
5/28/20;84106;79371;4638
5/29/20;84123;79382;4638
5/30/20;84128;79386;4638
5/31/20;84146;79389;4638
6/1/20;84154;79398;4638
6/2/20;84161;79400;4638
6/3/20;84160;79404;4638
6/4/20;84171;79415;4638
6/5/20;84177;79420;4638
6/6/20;84186;79424;4638
6/7/20;84191;79434;4638
6/8/20;84195;79444;4638
6/9/20;84198;79451;4638
6/10/20;84209;79456;4638
6/11/20;84216;79464;4638
6/12/20;84228;79472;4638
6/13/20;84286;79475;4638
6/14/20;84335;79482;4638
6/15/20;84378;79489;4638
6/16/20;84422;79493;4638
6/17/20;84458;79510;4638
6/18/20;84494;79515;4638
6/19/20;84494;79515;4638
6/20/20;84553;79534;4639
6/21/20;84572;79535;4639
6/22/20;84624;79547;4639
6/23/20;84653;79555;4640
6/24/20;84673;79562;4640
6/25/20;84701;79572;4641
6/26/20;84725;79580;4641
6/27/20;84743;79591;4641
6/28/20;84757;79609;4641
6/29/20;84780;79619;4641
6/30/20;84785;79632;4641
7/1/20;84816;79650;4641
7/2/20;84830;79665;4641
7/3/20;84838;79680;4641
7/4/20;84857;79706;4641
7/5/20;84871;79718;4641
7/6/20;84889;79725;4641
7/7/20;84917;79754;4641
7/8/20;84950;79802;4641
7/9/20;84992;79802;4641
7/10/20;84992;79802;4641
7/11/20;85071;79876;4641
7/12/20;85117;79907;4641
7/13/20;85117;79907;4641
7/14/20;85226;79967;4642
7/15/20;85246;80005;4644
7/16/20;85327;80038;4644
7/17/20;85402;80064;4645
7/18/20;85418;80092;4646
7/19/20;85503;80137;4646
7/20/20;85622;80162;4646
7/21/20;85708;80204;4648
7/22/20;85906;80244;4648
7/23/20;86045;80297;4649
7/24/20;86202;80341;4650
7/25/20;86381;80409;4652
7/26/20;86570;80459;4652
7/27/20;86783;80466;4656
7/28/20;86990;80517;4657
7/29/20;87213;80594;4658
7/30/20;87489;80680;4659
7/31/20;87655;80787;4661
8/1/20;87827;80907;4667
8/2/20;87985;81018;4669
8/3/20;88099;81113;4672
8/4/20;88206;81234;4676
8/5/20;88328;81417;4677
8/6/20;88460;81592;4680
8/7/20;88580;81788;4681
8/8/20;88672;81969;4681
8/9/20;88793;82125;4686
8/10/20;88906;82247;4689
8/11/20;88958;82440;4693
8/12/20;89045;82633;4697
8/13/20;89144;82804;4700
8/14/20;89214;82956;4701
8/15/20;89279;83108;4703
8/16/20;89375;83200;4703
8/17/20;89441;83283;4703
8/18/20;89494;83408;4705
8/19/20;89527;83566;4706
8/20/20;89567;83663;4709
8/21/20;89616;83793;4709
8/22/20;89654;83924;4711
8/23/20;89695;83988;4711
8/24/20;89718;84058;4711
8/25/20;89752;84168;4712
8/26/20;89784;84251;4713
8/27/20;89814;84335;4715
8/28/20;89836;84419;4718
8/29/20;89863;84484;4721
8/30/20;89895;84546;4722
8/31/20;89914;84594;4723
9/1/20;89933;84652;4724
9/2/20;89953;84695;4727
9/3/20;89986;84737;4728
9/4/20;90008;84782;4728
9/5/20;90025;84837;4728
9/6/20;90058;84873;4730
9/7/20;90078;84900;4732
9/8/20;90087;84932;4733
9/9/20;90100;84957;4733
9/10/20;90127;85005;4733
9/11/20;90145;85025;4733
9/12/20;90168;85054;4734
9/13/20;90197;85086;4734
9/14/20;90219;85101;4735
9/15/20;90235;85129;4736
9/16/20;90253;85155;4736
9/17/20;90294;85181;4736
9/18/20;90311;85204;4737
9/19/20;90334;85226;4737
9/20/20;90369;85239;4737
9/21/20;90381;85257;4737
9/22/20;90399;85275;4737
9/23/20;90409;85304;4738
9/24/20;90424;85323;4738
9/25/20;90441;85343;4739
9/26/20;90456;85360;4739
9/27/20;90483;85381;4739
9/28/20;90505;85398;4739
9/29/20;90528;85423;4739
9/30/20;90545;85460;4739
10/1/20;90567;85479;4739
10/2/20;90584;85494;4739
10/3/20;90604;85511;4739
10/4/20;90629;85530;4739
10/5/20;90652;85540;4739
10/6/20;90667;85566;4739
10/7/20;90687;85588;4739
10/8/20;90728;85612;4739
10/9/20;90751;85641;4739
10/10/20;90778;85658;4739
10/11/20;90812;85669;4739
10/12/20;90830;85690;4739
10/13/20;90858;85707;4739
10/14/20;90869;85720;4739
10/15/20;90905;85743;4739
10/16/20;90925;85762;4739
10/17/20;90955;85791;4739
10/18/20;90972;85819;4739
10/19/20;91006;85840;4739
10/20/20;91022;85873;4739
10/21/20;91044;85899;4739
10/22/20;91073;85929;4739
10/23/20;91108;85950;4739
10/24/20;91128;85974;4739
10/25/20;91151;86002;4739
10/26/20;91175;86018;4739
10/27/20;91222;86031;4739
10/28/20;91271;86049;4739
10/29/20;91299;86082;4739
10/30/20;91339;86111;4739
10/31/20;91366;86135;4739
11/1/20;91397;86162;4739
11/2/20;91452;86189;4739
11/3/20;91478;86212;4739
11/4/20;91509;86241;4740
11/5/20;91552;86264;4741
11/6/20;91591;86301;4741
11/7/20;91622;86344;4741
11/8/20;91665;86369;4741
11/9/20;91693;86393;4741
11/10/20;91719;86421;4742
11/11/20;91752;86451;4742
11/12/20;91783;86488;4742
11/13/20;91807;86518;4742
11/14/20;91828;86543;4742
11/15/20;91850;86572;4742
11/16/20;91872;86616;4742
11/17/20;91885;86667;4742
11/18/20;91906;86700;4742
11/19/20;91935;86727;4742
11/20/20;91977;86751;4742
11/21/20;92037;86769;4742
11/22/20;92116;86792;4742
11/23/20;92211;86816;4742
11/24/20;92296;86847;4742
11/25/20;92402;86888;4742
11/26/20;92488;86900;4742
11/27/20;92586;86937;4742
11/28/20;92681;86968;4743
11/29/20;92814;86998;4743
11/30/20;92902;87017;4743
12/1/20;92993;87051;4743
12/2/20;93113;87101;4744
12/3/20;93221;87147;4745
12/4/20;93348;87204;4746
12/5/20;93467;87259;4746
12/6/20;93577;87331;4746
12/7/20;93670;87404;4746
12/8/20;93782;87483;4746
12/9/20;93898;87582;4748
12/10/20;94025;87707;4748
12/11/20;94124;87815;4748
12/12/20;94217;87944;4749
12/13/20;94328;88041;4751
12/14/20;94427;88122;4754
12/15/20;94537;88211;4757
12/16/20;94626;88326;4757
12/17/20;94734;88429;4759
12/18/20;94821;88538;4763
12/19/20;94953;88666;4763
12/20/20;95050;88781;4764
12/21/20;95150;88861;4765
12/22/20;95228;88963;4766
12/23/20;95298;89104;4767
12/24/20;95383;89205;4769
12/25/20;95460;89330;4770
12/26/20;95541;89423;4770
12/27/20;95632;89518;4771
12/28/20;95720;89586;4775
12/29/20;95797;89697;4777
12/30/20;95876;89813;4781
12/31/20;95963;89923;4782
1/1/21;96023;90031;4782
1/2/21;96086;90099;4784
1/3/21;96160;90159;4784
1/4/21;96246;90213;4787
1/5/21;96310;90306;4787
1/6/21;96398;90400;4788
1/7/21;96484;90478;4788
1/8/21;96562;90543;4789
1/9/21;96690;90630;4791
1/10/21;96824;90697;4792
1/11/21;96920;90772;4793
1/12/21;97095;90857;4794
1/13/21;97275;90953;4796
1/14/21;97448;91026;4796
1/15/21;97616;91100;4796
1/16/21;97775;91158;4797
1/17/21;97939;91205;4797
1/18/21;98164;91263;4798
1/19/21;98323;91322;4800
1/20/21;98544;91382;4801
1/21/21;98786;91382;4803
1/22/21;98886;91526;4803
1/23/21;99047;91609;4803
1/24/21;99247;91709;4804
1/25/21;99402;91775;4807
1/26/21;99541;91920;4809
1/27/21;99655;92076;4811
1/28/21;99746;92223;4813
1/29/21;99848;92321;4814
1/30/21;99968;92622;4815
1/31/21;100063;92779;4817
2/1/21;100127;92891;4818
2/2/21;100177;93060;4820
2/3/21;100226;93280;4821
2/4/21;100268;93459;4822
2/5/21;100318;93606;4822
2/6/21;100348;93752;4822
2/7/21;100389;93883;4822
2/8/21;100435;93989;4822
2/9/21;100475;94147;4824
2/10/21;100494;94288;4825
2/11/21;100527;94413;4827
2/12/21;100559;94536;4828
2/13/21;100578;94641;4829
2/14/21;100599;94728;4829
2/15/21;100624;94796;4829
2/16/21;100639;94875;4831
2/17/21;100666;94960;4833
2/18/21;100684;95034;4833
2/19/21;100705;95109;4833
2/20/21;100727;95179;4833
2/21/21;100758;95239;4833
2/22/21;100784;95288;4833
2/23/21;100807;95327;4833
2/24/21;100832;95456;4834
2/25/21;100851;95513;4834
2/26/21;100885;95556;4834
2/27/21;100924;95603;4834
2/28/21;100965;95646;4835
3/1/21;100990;95677;4836
3/2/21;101013;95718;4836
3/3/21;101037;95752;4836
3/4/21;101055;95775;4837
3/5/21;101074;95801;4837
3/6/21;101097;95830;4838
3/7/21;101132;95848;4838
3/8/21;101149;95865;4838
3/9/21;101175;95900;4838
3/10/21;101194;95918;4839
3/11/21;101225;95945;4839
3/12/21;101292;95965;4839
3/13/21;101349;96005;4839
3/14/21;101378;96034;4839
3/15/21;101421;96059;4839
3/16/21;101443;96086;4839
3/17/21;101460;96122;4839
3/18/21;101481;96152;4839
3/19/21;101498;96172;4839
3/20/21;101518;96206;4839
3/21/21;101533;96228;4839
3/22/21;101560;96265;4839
3/23/21;101582;96313;4840
3/24/21;101603;96345;4840
3/25/21;101623;96389;4840
